   0.00    0.00    0.00    0.00 2019.00    8.00    9.00    3.00   54.00   10.37
   0.00    0.00    0.00    0.00 2019.00    8.00   22.00   14.00    4.00   46.16
   0.00    0.00    0.00    0.00 2019.00    8.00   22.00   14.00   10.00   34.97
   0.00    0.00    0.00    0.00 2019.00    8.00   22.00   14.00   12.00    7.13
   0.00    0.00    0.00    0.00 2019.00    8.00   22.00   15.00   33.00    6.84
   0.00    0.00    0.00    0.00 2019.00    8.00   22.00   15.00   33.00   58.39
   0.00    0.00    0.00    0.00 2019.00    8.00   22.00   16.00    3.00    3.50
   0.00    0.00    0.00    0.00 2019.00    8.00   22.00   16.00    7.00   51.89
   0.00    0.00    0.00    0.00 2019.00    8.00   22.00   16.00   10.00   59.54
   0.00    0.00    0.00    0.00 2019.00    8.00   22.00   16.00   27.00   39.41
   0.00    0.00    0.00    0.00 2019.00    8.00   22.00   18.00   10.00    1.83
   0.00    0.00    0.00    0.00 2019.00    8.00   22.00   18.00   17.00   22.48
   0.00    0.00    0.00    0.00 2019.00    8.00   23.00   10.00   54.00   12.05
   0.00    0.00    0.00    0.00 2019.00    8.00   23.00   11.00    3.00   17.98
   0.00    0.00    0.00    0.00 2019.00    8.00   23.00   13.00   35.00   14.97
   0.00    0.00    0.00    0.00 2019.00    8.00   28.00   12.00   41.00   18.56    0.00    4.64    0.80   45.22
   0.00    0.00    0.00    0.00 2019.00    8.00   28.00   12.00   49.00   31.39    0.00    4.71    0.81   45.20
   0.00    0.00    0.00    0.00 2019.00    8.00   28.00   12.00   55.00   33.53    0.00    4.71    0.81   45.20
   0.00    0.00    0.00    0.00 2019.00    8.00   28.00   13.00    1.00   15.68    0.00    4.71    0.81   45.20
   0.00    0.00    0.00    0.00 2019.00    8.00   28.00   14.00   57.00    2.02    0.00    4.67    0.78   44.94
   0.00    0.00    0.00    0.00 2019.00    8.00   28.00   18.00   15.00   13.66    0.00    4.66    0.89   44.61
   0.00    0.00    0.00    0.00 2019.00    8.00   29.00   10.00   43.00   11.77    0.00    4.72    0.87   44.67
   0.00    0.00    0.00    0.00 2019.00    8.00   29.00   10.00   48.00   13.15    0.00    4.72    0.87   44.67
   0.00  465.00 -398.00   -4.67 2019.00    8.00   29.00   11.00   48.00   18.96    0.00    0.00    0.00    0.00
   0.00   96.00 -1605.00   -4.80 2019.00    8.00   29.00   13.00   10.00   15.45    0.00    0.00    0.00    0.00
   0.00    0.00    0.00    0.00 2019.00    8.00   29.00   14.00   52.00   23.74    0.00    4.71    0.90   44.59
   0.00    0.00    0.00    0.00 2019.00    8.00   29.00   14.00   54.00   35.87    0.00    4.71    0.90   44.59
   0.00    0.00    0.00    0.00 2019.00    8.00   29.00   15.00    3.00   43.93    0.00    4.71    0.90   44.59
   0.00    0.00    0.00    0.00 2019.00    8.00   29.00   15.00   14.00   29.70    0.00    4.71    0.90   44.59
   0.00    0.00    0.00    0.00 2019.00    8.00   29.00   15.00   21.00   43.77    0.00    4.71    0.90   44.59
   0.00    0.00    0.00    0.00 2019.00    8.00   29.00   15.00   34.00    0.99    0.00    4.71    0.90   44.59
   0.00  -18.00   -1.00   -4.01 2019.00    8.00   29.00   16.00   34.00   13.58    0.00    0.00    0.00    0.00
   0.00    2.00  -47.00   -3.88 2019.00    8.00   29.00   17.00   46.00   32.56    0.00    0.00    0.00    0.00
   0.00  -11.00   -9.00   -3.75 2019.00    8.00   29.00   18.00   58.00   23.11    0.00    0.00    0.00    0.00
   0.00  -26.00  -49.00   -3.56 2019.00    8.00   29.00   20.00   10.00   19.29    0.00    0.00    0.00    0.00
   0.00    7.00  -89.00   -3.61 2019.00    8.00   29.00   21.00   22.00   38.49    0.00    0.00    0.00    0.00
   0.00  -13.00  -85.00   -3.53 2019.00    8.00   29.00   22.00   34.00   22.64    0.00    0.00    0.00    0.00
   0.00   -9.00  -49.00   -3.59 2019.00    8.00   29.00   23.00   46.00   19.16    0.00    0.00    0.00    0.00
   0.00  -10.00  -43.00   -3.65 2019.00    8.00   30.00    0.00   58.00   56.77    0.00    0.00    0.00    0.00
   0.00    0.00    0.00    0.00 2019.00    9.00    3.00   16.00   51.00   29.44    0.00    4.95    0.97   45.09
   0.00    0.00    0.00    0.00 2019.00    9.00    5.00   15.00   49.00   23.46    0.00    4.49    0.82   44.11
   0.00    0.00    0.00    0.00 2019.00    9.00    5.00   18.00   16.00   39.47    0.00    4.35    0.89   43.77
   0.00   30.00    2.00   -7.27 2019.00    9.00    5.00   21.00   12.00   47.83    0.00    0.00    0.00    0.00
