0	0	0	0	i+u
1	0	0	0	p/2
2	0	0	0	6*t+3*v+4*q
3	0	0	0	p
4	0	0	0	6*t+3*v+4*q
5	0	0	0	p/2
6	0	0	0	w+r+s+i+u
7	0	0	0	p/2
8	0	0	0	6*y-6*t+3*v+4*q
9	0	0	0	p
10	0	0	0	6*y-6*t+3*v+4*q
11	0	0	0	3*p/2
12	0	0	0	w+r+s+i+u
13	0	0	0	p/2
14	0	0	0	2*q-q
15	14680096	0	0	q+v/2+q
16	0	0	0	t-q-q
17	14680096	0	0	q+v/2+q
18	0	0	0	t-q
19	0	0	0	v/2
20	0	0	0	2*t
21	0	0	0	v/2
22	0	0	0	t
23	0	0	0	v/2
24	0	0	0	t
25	0	0	0	v/2
26	0	0	0	2*q
27	0	0	0	p
28	0	0	0	2*q-q
29	14680096	0	0	q+v/2+q
30	0	0	0	t-q-q
31	14680096	0	0	q+v/2+q
32	0	0	0	t-q
33	0	0	0	v/2
34	0	0	0	2*t
35	0	0	0	v/2
36	0	0	0	t
37	0	0	0	v/2
38	0	0	0	t
39	0	0	0	v/2
40	0	0	0	2*q
41	0	0	0	p/2
42	0	0	0	w+r+s+i+u
43	0	0	0	p/2
44	0	0	0	2*q-q
45	14680096	0	0	q+v/2+q
46	0	0	0	y-t-q-q
47	14680096	0	0	q+v/2+q
48	0	0	0	y-t-q
49	0	0	0	v/2
50	0	0	0	2*y-2*t
51	0	0	0	v/2
52	0	0	0	y-t
53	0	0	0	v/2
54	0	0	0	y-t
55	0	0	0	v/2
56	0	0	0	2*q
57	0	0	0	p
58	0	0	0	2*q-q
59	14680096	0	0	q+v/2+q
60	0	0	0	y-t-q-q
61	14680096	0	0	q+v/2+q
62	0	0	0	y-t-q
63	0	0	0	v/2
64	0	0	0	2*y-2*t
65	0	0	0	v/2
66	0	0	0	y-t
67	0	0	0	v/2
68	0	0	0	y-t
69	0	0	0	v/2
70	0	0	0	2*q
71	0	0	0	3*p/2
72	0	1	0	w+s+r
