0	0	0	0	i+u
1	0	0	0	p/2
2	0	0	0	6*t+3*v+4*q
3	0	0	0	p
4	0	0	0	6*t+3*v+4*q
5	0	0	0	p/2
6	0	0	0	w+r+s+i+u
7	0	0	0	p/2
8	0	0	0	6*y-6*t+3*v+4*q
9	0	0	0	p
10	0	0	0	6*y-6*t+3*v+4*q
11	0	0	0	3*p/2
12	0	0	0	w+r+s+i+u
13	0	0	0	p/2
14	0	0	0	2*q
15	0	0	0	v/2
16	0	0	0	t
17	0	0	0	v/2
18	0	0	0	t
19	0	0	0	v/2
20	0	0	0	2*t
21	0	0	0	v/2
22	0	0	0	t-q
23	14680576	0	0	q+v/2+q
24	0	0	0	t-q-q
25	14680576	0	0	q+v/2+q
26	0	0	0	2*q-q
27	0	0	0	p
28	0	0	0	2*q
29	0	0	0	v/2
30	0	0	0	t
31	0	0	0	v/2
32	0	0	0	t
33	0	0	0	v/2
34	0	0	0	2*t
35	0	0	0	v/2
36	0	0	0	t-q
37	14680576	0	0	q+v/2+q
38	0	0	0	t-q-q
39	14680576	0	0	q+v/2+q
40	0	0	0	2*q-q
41	0	0	0	p/2
42	0	0	0	w+r+s+i+u
43	0	0	0	p/2
44	0	0	0	2*q
45	0	0	0	v/2
46	0	0	0	y-t
47	0	0	0	v/2
48	0	0	0	y-t
49	0	0	0	v/2
50	0	0	0	2*y-2*t
51	0	0	0	v/2
52	0	0	0	y-t-q
53	14680576	0	0	q+v/2+q
54	0	0	0	y-t-q-q
55	14680576	0	0	q+v/2+q
56	0	0	0	2*q-q
57	0	0	0	p
58	0	0	0	2*q
59	0	0	0	v/2
60	0	0	0	y-t
61	0	0	0	v/2
62	0	0	0	y-t
63	0	0	0	v/2
64	0	0	0	2*y-2*t
65	0	0	0	v/2
66	0	0	0	y-t-q
67	14680576	0	0	q+v/2+q
68	0	0	0	y-t-q-q
69	14680576	0	0	q+v/2+q
70	0	0	0	2*q-q
71	0	0	0	3*p/2
72	0	1	0	w+s+r
