0	0	0	0	i+u-q
1	0	0	0	q+p/2+q
2	0	0	0	6*t+3*v+2*q
3	0	0	0	q+p+q
4	0	0	0	6*t+3*v+2*q
5	0	0	0	q+p/2+q
6	0	0	0	w+r+s+i+u-2*q
7	0	0	0	q+p/2+q
8	0	0	0	6*y-6*t+3*v+2*q
9	0	0	0	q+p+q
10	0	0	0	6*y-6*t+3*v+2*q
11	0	0	0	q+3*p/2+q
12	0	0	0	w+r+s+i+u-2*q
13	0	0	0	q+p/2+q
14	0	0	0	2*q-q
15	0	0	0	v/2
16	0	0	0	t
17	0	0	0	v/2
18	0	0	0	t
19	0	0	0	v/2
20	0	0	0	2*t
21	0	0	0	v/2
22	0	0	0	t
23	0	0	0	v/2
24	0	0	0	t
25	0	0	0	v/2
26	0	0	0	2*q-q
27	0	0	0	q+p+q
28	0	0	0	2*q-q
29	0	0	0	v/2
30	0	0	0	t
31	0	0	0	v/2
32	0	0	0	t
33	0	0	0	v/2
34	0	0	0	2*t
35	0	0	0	v/2
36	0	0	0	t
37	0	0	0	v/2
38	0	0	0	t
39	0	0	0	v/2
40	0	0	0	2*q-q
41	0	0	0	q+p/2+q
42	0	0	0	w+r+s+i+u-2*q
43	0	0	0	q+p/2+q
44	0	0	0	2*q-q
45	0	0	0	v/2
46	0	0	0	y-t
47	0	0	0	v/2
48	0	0	0	y-t
49	0	0	0	v/2
50	0	0	0	2*y-2*t
51	0	0	0	v/2
52	0	0	0	y-t
53	0	0	0	v/2
54	0	0	0	y-t
55	0	0	0	v/2
56	0	0	0	2*q-q
57	0	0	0	q+p+q
58	0	0	0	2*q-q
59	0	0	0	v/2
60	0	0	0	y-t
61	0	0	0	v/2
62	0	0	0	y-t
63	0	0	0	v/2
64	0	0	0	2*y-2*t
65	0	0	0	v/2
66	0	0	0	y-t
67	0	0	0	v/2
68	0	0	0	y-t
69	0	0	0	v/2
70	0	0	0	2*q-q
71	0	0	0	q+3*p/2+q
72	0	1	0	w+s+r-q
