   0.00   51.00   75.00   -9.51 2019.00    8.00    9.00    4.00   38.00   10.60
   0.00   68.00   74.00   -9.65 2019.00    8.00    9.00    5.00   24.00    3.51
   1.00   47.00   43.00   -9.80 2019.00    8.00    9.00    6.00    9.00   56.40
   0.00   43.00   36.00  -10.03 2019.00    8.00    9.00    6.00   55.00   59.91
   0.00   14.00   38.00  -10.02 2019.00    8.00    9.00    7.00   42.00    8.22
   0.00   -7.00    8.00   -9.91 2019.00    8.00    9.00    8.00   28.00   24.39
   0.00  -20.00    7.00   -9.71 2019.00    8.00    9.00    9.00   14.00   40.85
   0.00  -75.00    7.00   -9.52 2019.00    8.00    9.00   10.00    1.00   13.82
   0.00  -72.00    7.00   -9.40 2019.00    8.00    9.00   10.00   47.00   46.38
   0.00  -91.00    2.00   -9.24 2019.00    8.00    9.00   11.00   34.00   15.52
   0.00  -80.00   -4.00   -9.08 2019.00    8.00    9.00   12.00   20.00   56.06
   0.00 -105.00  -10.00   -8.92 2019.00    8.00    9.00   13.00    7.00   42.76
   1.00 -1645.00 -307.00   -8.89 2019.00    8.00    9.00   13.00   54.00   47.07
   0.00 -1687.00 -276.00   -8.89 2019.00    8.00    9.00   14.00   41.00   38.86
   0.00 -1636.00 -383.00   -8.92 2019.00    8.00    9.00   15.00   28.00   39.01
   0.00 -1623.00 -351.00   -8.95 2019.00    8.00    9.00   16.00   15.00   46.61
   0.00 -1654.00 -358.00   -8.93 2019.00    8.00    9.00   17.00    2.00   57.93
   0.00 -851.00  575.00   -8.93 2019.00    8.00    9.00   17.00   50.00    7.71
   1.00  859.00 -886.00   -9.08 2019.00    8.00    9.00   18.00   37.00   26.49
   1.00 -1041.00 -1219.00   -8.95 2019.00    8.00    9.00   19.00   24.00   42.80
   1.00 -337.00 1694.00   -9.52 2019.00    8.00    9.00   20.00   12.00   13.17
   0.00 -345.00 1683.00   -9.59 2019.00    8.00    9.00   20.00   59.00   32.98
   0.00 -372.00 1681.00   -9.57 2019.00    8.00    9.00   21.00   47.00    7.00
   0.00 -388.00 1676.00   -9.54 2019.00    8.00    9.00   22.00   34.00   46.55
   0.00 -406.00 1688.00   -9.48 2019.00    8.00    9.00   23.00   22.00   24.16
   0.00    0.00    0.00    0.00 2019.00    8.00   16.00   14.00   52.00   20.07
   0.00    0.00    0.00    0.00 2019.00    8.00   16.00   14.00   56.00   23.20
   0.00    0.00    0.00    0.00 2019.00    8.00   16.00   15.00    1.00   14.59
   0.00  -20.00   19.00   -9.38 2019.00    8.00   16.00   15.00   18.00   14.63
   0.00    0.00    0.00    0.00 2019.00    8.00   16.00   15.00   30.00   32.78
   0.00    2.00  -40.00   -9.14 2019.00    8.00   16.00   17.00   36.00   37.55
   0.00   20.00  -21.00   -9.28 2019.00    8.00   16.00   19.00   24.00   46.26
   0.00   65.00   19.00   -9.51 2019.00    8.00   16.00   21.00   12.00   56.87
   0.00   46.00   22.00   -9.67 2019.00    8.00   16.00   23.00    1.00   31.53
   0.00   24.00   62.00   -9.82 2019.00    8.00   17.00    0.00   50.00    2.29
   0.00    0.00   83.00   -9.93 2019.00    8.00   17.00    2.00   38.00   59.19
   0.00    1.00   64.00   -9.94 2019.00    8.00   17.00    4.00   28.00   27.52
   0.00    2.00   85.00   -9.97 2019.00    8.00   17.00    6.00   17.00   13.66
   0.00    0.00  102.00   -9.99 2019.00    8.00   17.00    8.00    6.00   13.07
   1.00   -2.00   -1.00  -10.05 2019.00    8.00   17.00    9.00   55.00   42.45
   0.00   -1.00   -4.00   -9.99 2019.00    8.00   17.00   11.00   44.00   44.58
   0.00  -23.00  -42.00   -9.76 2019.00    8.00   17.00   13.00   33.00   39.73
   0.00  -25.00  -83.00   -9.61 2019.00    8.00   17.00   15.00   22.00   51.49
   0.00  -25.00  -61.00   -9.55 2019.00    8.00   17.00   17.00   12.00    4.40
   0.00    3.00  -40.00   -9.72 2019.00    8.00   17.00   19.00    1.00   19.73
   0.00    4.00  -18.00   -9.90 2019.00    8.00   17.00   20.00   50.00   48.22
   0.00    1.00   -1.00  -10.06 2019.00    8.00   17.00   22.00   40.00   23.85
   0.00   -4.00   23.00  -10.24 2019.00    8.00   18.00    0.00   29.00   52.53
   0.00    0.00    2.00   -6.18 2019.00    8.00   22.00   16.00   30.00   10.04
   0.00    0.00    0.00    0.00 2019.00    8.00   22.00   16.00   34.00   50.16
   0.00    0.00    0.00    0.00 2019.00    8.00   22.00   16.00   45.00   58.84
   0.00    0.00    0.00    0.00 2019.00    8.00   22.00   17.00    1.00    3.81
   0.00    0.00    0.00    0.00 2019.00    8.00   22.00   17.00   10.00    0.31
   0.00    0.00    0.00    0.00 2019.00    8.00   22.00   17.00   24.00   49.40
   0.00   14.00   -3.00   -6.11 2019.00    8.00   22.00   17.00   28.00   13.37
   0.00    0.00    0.00    0.00 2019.00    8.00   22.00   17.00   39.00   58.69
   0.00   -3.00    9.00   -6.12 2019.00    8.00   22.00   17.00   43.00   34.06
   0.00   -6.00   29.00   -6.12 2019.00    8.00   22.00   17.00   47.00   21.61
   0.00  920.00 -1618.00   -4.86 2019.00    8.00   28.00   16.00    8.00    2.15    0.00    0.00    0.00    0.00
   0.00    0.00    0.00    0.00 2019.00    8.00   28.00   16.00   20.00   43.20    0.00    4.67    0.84   44.64
   0.00    0.00    0.00    0.00 2019.00    8.00   28.00   16.00   31.00   16.27    0.00    4.67    0.84   44.64
   0.00    4.00    1.00   -4.54 2019.00    8.00   28.00   16.00   50.00   49.46    0.00    0.00    0.00    0.00
   0.00   -2.00   -1.00   -4.53 2019.00    8.00   28.00   17.00   12.00   20.47    0.00    0.00    0.00    0.00
   0.00    4.00    0.00   -4.52 2019.00    8.00   28.00   17.00   34.00    1.07    0.00    0.00    0.00    0.00
   0.00   12.00    2.00   -4.52 2019.00    8.00   28.00   17.00   55.00   29.52    0.00    0.00    0.00    0.00
   0.00  864.00 -1645.00   -4.84 2019.00    8.00   28.00   19.00   28.00    6.21    0.00    0.00    0.00    0.00
   0.00 -2055.00 1945.00   -4.92 2019.00    8.00   28.00   20.00   41.00   16.54    0.00    0.00    0.00    0.00
   0.00 2117.00 1198.00   -4.98 2019.00    8.00   28.00   21.00   54.00   43.42    0.00    0.00    0.00    0.00
   0.00  468.00  409.00   -5.10 2019.00    8.00   28.00   23.00    7.00   54.86    0.00    0.00    0.00    0.00
