0	0	0	0	i+u-q
1	14680080	0	0	q+p/2+q
2	0	0	0	t-q-q
3	14680080	0	0	q+p+q
4	0	0	0	t-q-q
5	14680080	0	0	q+p/2+q
6	0	0	0	w+r+s+i+u-q-q
7	14680080	0	0	q+p/2+q
8	0	0	0	y-t-q-q
9	14680080	0	0	q+p+q
10	0	0	0	y-t-q-q
11	14680080	0	0	q+3*p/2+q
12	0	0	0	w+r+s+i+u-q-q
13	14680080	0	0	q+p/2+q
14	0	0	0	t-q-q
15	14680080	0	0	q+p+q
16	0	0	0	t-q-q
17	14680080	0	0	q+p/2+q
18	0	0	0	w+r+s+i+u-q-q
19	14680080	0	0	q+p/2+q
20	0	0	0	y-t-q-q
21	14680080	0	0	q+p+q
22	0	0	0	y-t-q-q
23	14680080	0	0	q+3*p/2+q
24	0	1	0	w+s+r-q
