0	0	0	0	i+u
1	0	0	0	p/2
2	0	0	0	t
3	0	0	0	p
4	0	0	0	t
5	0	0	0	p/2
6	0	0	0	w+r+s+i+u
7	0	0	0	p/2
8	0	0	0	y-t
9	0	0	0	p
10	0	0	0	y-t
11	0	0	0	3*p/2
12	0	0	0	w+r+s+i+u
13	0	0	0	p/2
14	0	0	0	t/2-q
15	14680320	0	0	q+v+q
16	0	0	0	t/2-v-q
17	0	0	0	p
18	0	0	0	t/2-q
19	14680320	0	0	q+v+q
20	0	0	0	t/2-v-q
21	0	0	0	p/2
22	0	0	0	w+r+s+i+u
23	0	0	0	p/2
24	0	0	0	y/2-t/2-q
25	14680320	0	0	q+v+q
26	0	0	0	y/2-t/2-v-q
27	0	0	0	p
28	0	0	0	y/2-t/2-q
29	14680320	0	0	q+v+q
30	0	0	0	y/2-t/2-v-q
31	0	0	0	3*p/2
32	0	1	0	w+s+r
