0	0	0	0	i+u
1	0	0	0	p/2
2	0	0	0	12*t+5*v+4*q
3	0	0	0	p
4	0	0	0	12*t+5*v+4*q
5	0	0	0	p/2
6	0	0	0	w+r+s+i+u
7	0	0	0	p/2
8	0	0	0	12*y-12*t+5*v+4*q
9	0	0	0	p
10	0	0	0	12*y-12*t+5*v+4*q
11	0	0	0	3*p/2
12	0	0	0	w+r+s+i+u
13	0	0	0	p/2
14	0	0	0	2*q-q
15	14680096	0	0	q+v/2+q
16	0	0	0	t-q-q
17	14680096	0	0	q+v/2+q
18	0	0	0	t-q
19	0	0	0	v/2
20	0	0	0	2*t
21	0	0	0	v/2
22	0	0	0	t
23	0	0	0	v/2
24	0	0	0	2*t
25	0	0	0	v/2
26	0	0	0	t
27	0	0	0	v/2
28	0	0	0	2*t
29	0	0	0	v/2
30	0	0	0	t-q
31	14680096	0	0	q+v/2+q
32	0	0	0	t-q
33	0	0	0	v/2
34	0	0	0	2*q
35	0	0	0	p
36	0	0	0	2*q-q
37	14680096	0	0	q+v/2+q
38	0	0	0	t-q-q
39	14680096	0	0	q+v/2+q
40	0	0	0	t-q
41	0	0	0	v/2
42	0	0	0	2*t
43	0	0	0	v/2
44	0	0	0	t
45	0	0	0	v/2
46	0	0	0	2*t
47	0	0	0	v/2
48	0	0	0	t
49	0	0	0	v/2
50	0	0	0	2*t
51	0	0	0	v/2
52	0	0	0	t-q
53	14680096	0	0	q+v/2+q
54	0	0	0	t-q
55	0	0	0	v/2
56	0	0	0	2*q
57	0	0	0	p/2
58	0	0	0	w+r+s+i+u
59	0	0	0	p/2
60	0	0	0	2*q-q
61	14680096	0	0	q+v/2+q
62	0	0	0	y-t-q-q
63	14680096	0	0	q+v/2+q
64	0	0	0	y-t-q
65	0	0	0	v/2
66	0	0	0	2*y-2*t
67	0	0	0	v/2
68	0	0	0	y-t
69	0	0	0	v/2
70	0	0	0	2*y-2*t
71	0	0	0	v/2
72	0	0	0	y-t
73	0	0	0	v/2
74	0	0	0	2*y-2*t
75	0	0	0	v/2
76	0	0	0	y-t-q
77	14680096	0	0	q+v/2+q
78	0	0	0	y-t-q
79	0	0	0	v/2
80	0	0	0	2*q
81	0	0	0	p
82	0	0	0	2*q-q
83	14680096	0	0	q+v/2+q
84	0	0	0	y-t-q-q
85	14680096	0	0	q+v/2+q
86	0	0	0	y-t-q
87	0	0	0	v/2
88	0	0	0	2*y-2*t
89	0	0	0	v/2
90	0	0	0	y-t
91	0	0	0	v/2
92	0	0	0	2*y-2*t
93	0	0	0	v/2
94	0	0	0	y-t
95	0	0	0	v/2
96	0	0	0	2*y-2*t
97	0	0	0	v/2
98	0	0	0	y-t-q
99	14680096	0	0	q+v/2+q
100	0	0	0	y-t-q
101	0	0	0	v/2
102	0	0	0	2*q
103	0	0	0	3*p/2
104	0	1	0	w+s+r
