0	0	0	0	i+u
1	0	0	0	p/2
2	0	0	0	12*t+5*v+4*q
3	0	0	0	p
4	0	0	0	12*t+5*v+4*q
5	0	0	0	p/2
6	0	0	0	w+r+s+i+u
7	0	0	0	p/2
8	0	0	0	12*y-12*t+5*v+4*q
9	0	0	0	p
10	0	0	0	12*y-12*t+5*v+4*q
11	0	0	0	3*p/2
12	0	0	0	w+r+s+i+u
13	0	0	0	p/2
14	0	0	0	2*q
15	0	0	0	v/2
16	0	0	0	t
17	0	0	0	v/2
18	0	0	0	t
19	0	0	0	v/2
20	0	0	0	2*t
21	0	0	0	v/2
22	0	0	0	t-q
23	14680576	0	0	q+v/2+q
24	0	0	0	2*t-q-q
25	14680576	0	0	q+v/2+q
26	0	0	0	t-q
27	0	0	0	v/2
28	0	0	0	2*t
29	0	0	0	v/2
30	0	0	0	t
31	0	0	0	v/2
32	0	0	0	t-q
33	14680576	0	0	q+v/2+q
34	0	0	0	2*q-q
35	0	0	0	p
36	0	0	0	2*q
37	0	0	0	v/2
38	0	0	0	t
39	0	0	0	v/2
40	0	0	0	t
41	0	0	0	v/2
42	0	0	0	2*t
43	0	0	0	v/2
44	0	0	0	t-q
45	14680576	0	0	q+v/2+q
46	0	0	0	2*t-q-q
47	14680576	0	0	q+v/2+q
48	0	0	0	t-q
49	0	0	0	v/2
50	0	0	0	2*t
51	0	0	0	v/2
52	0	0	0	t
53	0	0	0	v/2
54	0	0	0	t-q
55	14680576	0	0	q+v/2+q
56	0	0	0	2*q-q
57	0	0	0	p/2
58	0	0	0	w+r+s+i+u
59	0	0	0	p/2
60	0	0	0	2*q
61	0	0	0	v/2
62	0	0	0	y-t
63	0	0	0	v/2
64	0	0	0	y-t
65	0	0	0	v/2
66	0	0	0	2*y-2*t
67	0	0	0	v/2
68	0	0	0	y-t-q
69	14680576	0	0	q+v/2+q
70	0	0	0	2*y-2*t-q-q
71	14680576	0	0	q+v/2+q
72	0	0	0	y-t-q
73	0	0	0	v/2
74	0	0	0	2*y-2*t
75	0	0	0	v/2
76	0	0	0	y-t
77	0	0	0	v/2
78	0	0	0	y-t-q
79	14680576	0	0	q+v/2+q
80	0	0	0	2*q-q
81	0	0	0	p
82	0	0	0	2*q
83	0	0	0	v/2
84	0	0	0	y-t
85	0	0	0	v/2
86	0	0	0	y-t
87	0	0	0	v/2
88	0	0	0	2*y-2*t
89	0	0	0	v/2
90	0	0	0	y-t-q
91	14680576	0	0	q+v/2+q
92	0	0	0	2*y-2*t-q-q
93	14680576	0	0	q+v/2+q
94	0	0	0	y-t-q
95	0	0	0	v/2
96	0	0	0	2*y-2*t
97	0	0	0	v/2
98	0	0	0	y-t
99	0	0	0	v/2
100	0	0	0	y-t-q
101	14680576	0	0	q+v/2+q
102	0	0	0	2*q-q
103	0	0	0	3*p/2
104	0	1	0	w+s+r
